2
1000
2 1
3 2
4 3
5 4
6 1
7 1
8 3
9 2
10 3
11 10
12 10
13 1
14 4
15 6
16 9
17 3
18 10
19 15
20 16
21 17
22 12
23 18
24 3
25 3
26 10
27 23
28 15
29 12
30 13
31 7
32 28
33 21
34 4
35 22
36 30
37 3
38 7
39 32
40 21
41 37
42 9
43 29
44 38
45 6
46 17
47 9
48 33
49 14
50 41
51 2
52 39
53 33
54 26
55 50
56 23
57 4
58 18
59 14
60 35
61 28
62 28
63 42
64 62
65 55
66 12
67 61
68 42
69 17
70 3
71 20
72 6
73 3
74 2
75 4
76 66
77 34
78 33
79 32
80 75
81 66
82 34
83 81
84 26
85 5
86 46
87 81
88 7
89 68
90 50
91 42
92 17
93 22
94 61
95 87
96 27
97 36
98 94
99 47
100 67
101 57
102 55
103 50
104 3
105 50
106 40
107 6
108 59
109 45
110 14
111 8
112 87
113 68
114 16
115 28
116 81
117 113
118 43
119 21
120 74
121 6
122 94
123 69
124 85
125 92
126 48
127 89
128 55
129 116
130 91
131 21
132 76
133 74
134 82
135 101
136 51
137 77
138 103
139 4
140 85
141 115
142 60
143 119
144 50
145 56
146 32
147 106
148 112
149 37
150 107
151 100
152 57
153 7
154 50
155 62
156 30
157 127
158 1
159 2
160 117
161 64
162 100
163 122
164 29
165 45
166 124
167 45
168 71
169 56
170 34
171 47
172 146
173 68
174 53
175 103
176 160
177 160
178 97
179 138
180 118
181 129
182 173
183 104
184 104
185 58
186 175
187 140
188 84
189 151
190 111
191 132
192 124
193 35
194 47
195 184
196 55
197 191
198 16
199 63
200 156
201 48
202 154
203 11
204 182
205 152
206 64
207 140
208 156
209 18
210 148
211 93
212 158
213 25
214 39
215 201
216 184
217 28
218 183
219 103
220 32
221 215
222 12
223 213
224 121
225 153
226 85
227 165
228 197
229 34
230 52
231 86
232 112
233 224
234 94
235 232
236 112
237 107
238 97
239 104
240 80
241 82
242 181
243 10
244 63
245 76
246 169
247 23
248 237
249 240
250 189
251 56
252 188
253 117
254 60
255 94
256 94
257 1
258 249
259 99
260 133
261 91
262 115
263 242
264 42
265 197
266 112
267 97
268 40
269 205
270 234
271 112
272 82
273 243
274 167
275 237
276 64
277 72
278 5
279 99
280 3
281 146
282 21
283 184
284 196
285 224
286 163
287 23
288 43
289 272
290 280
291 85
292 170
293 14
294 236
295 245
296 18
297 282
298 60
299 230
300 240
301 297
302 165
303 163
304 42
305 121
306 50
307 300
308 278
309 115
310 227
311 19
312 311
313 55
314 106
315 68
316 12
317 159
318 303
319 120
320 135
321 121
322 70
323 221
324 240
325 3
326 124
327 211
328 232
329 172
330 222
331 153
332 152
333 113
334 43
335 134
336 192
337 313
338 10
339 126
340 196
341 58
342 267
343 237
344 303
345 234
346 304
347 346
348 279
349 180
350 295
351 270
352 253
353 229
354 47
355 11
356 180
357 173
358 222
359 332
360 227
361 54
362 93
363 98
364 357
365 347
366 235
367 256
368 250
369 198
370 218
371 168
372 163
373 210
374 194
375 16
376 187
377 32
378 30
379 276
380 235
381 49
382 295
383 239
384 9
385 136
386 338
387 352
388 200
389 330
390 380
391 351
392 313
393 348
394 17
395 306
396 337
397 384
398 147
399 334
400 106
401 149
402 190
403 151
404 194
405 217
406 28
407 101
408 188
409 100
410 31
411 302
412 300
413 23
414 90
415 314
416 32
417 119
418 116
419 247
420 416
421 209
422 410
423 268
424 224
425 35
426 17
427 190
428 236
429 220
430 250
431 171
432 335
433 57
434 325
435 10
436 213
437 412
438 39
439 167
440 175
441 43
442 89
443 77
444 201
445 278
446 426
447 365
448 250
449 133
450 172
451 331
452 99
453 409
454 118
455 310
456 309
457 446
458 71
459 281
460 253
461 404
462 274
463 416
464 171
465 70
466 69
467 79
468 185
469 271
470 295
471 64
472 115
473 471
474 360
475 61
476 386
477 354
478 66
479 362
480 356
481 134
482 379
483 271
484 239
485 432
486 468
487 175
488 192
489 241
490 262
491 7
492 186
493 6
494 332
495 477
496 318
497 241
498 6
499 178
500 189
501 258
502 313
503 271
504 123
505 279
506 237
507 166
508 131
509 243
510 198
511 399
512 484
513 198
514 460
515 123
516 490
517 340
518 306
519 183
520 150
521 185
522 149
523 293
524 383
525 430
526 342
527 122
528 253
529 429
530 475
531 40
532 135
533 464
534 387
535 487
536 208
537 196
538 518
539 389
540 255
541 305
542 326
543 540
544 377
545 404
546 258
547 29
548 23
549 414
550 39
551 65
552 411
553 178
554 439
555 454
556 297
557 530
558 203
559 496
560 100
561 63
562 22
563 512
564 340
565 411
566 108
567 432
568 241
569 380
570 505
571 113
572 428
573 324
574 341
575 378
576 362
577 8
578 196
579 348
580 95
581 90
582 270
583 483
584 372
585 559
586 316
587 132
588 514
589 477
590 389
591 193
592 562
593 250
594 207
595 427
596 279
597 510
598 529
599 205
600 17
601 3
602 367
603 529
604 239
605 132
606 408
607 141
608 230
609 543
610 253
611 136
612 140
613 368
614 396
615 285
616 156
617 492
618 59
619 494
620 343
621 271
622 494
623 97
624 155
625 50
626 148
627 76
628 148
629 588
630 396
631 123
632 600
633 140
634 300
635 524
636 599
637 156
638 367
639 488
640 357
641 333
642 366
643 475
644 252
645 456
646 498
647 547
648 602
649 269
650 649
651 535
652 340
653 471
654 426
655 519
656 406
657 364
658 595
659 215
660 341
661 11
662 11
663 409
664 422
665 547
666 77
667 300
668 447
669 438
670 8
671 221
672 107
673 135
674 313
675 57
676 444
677 450
678 392
679 24
680 39
681 87
682 35
683 560
684 40
685 159
686 597
687 104
688 353
689 59
690 177
691 481
692 68
693 181
694 124
695 519
696 580
697 181
698 422
699 210
700 58
701 200
702 627
703 576
704 275
705 641
706 169
707 115
708 302
709 114
710 406
711 406
712 414
713 398
714 476
715 667
716 58
717 77
718 294
719 579
720 136
721 244
722 283
723 227
724 601
725 587
726 680
727 211
728 466
729 661
730 428
731 40
732 573
733 727
734 704
735 142
736 267
737 494
738 220
739 608
740 367
741 267
742 620
743 117
744 481
745 740
746 234
747 248
748 449
749 654
750 568
751 300
752 171
753 202
754 685
755 367
756 574
757 721
758 90
759 204
760 280
761 423
762 362
763 187
764 5
765 88
766 763
767 223
768 265
769 642
770 437
771 179
772 403
773 167
774 688
775 538
776 715
777 624
778 337
779 119
780 176
781 734
782 714
783 486
784 523
785 769
786 454
787 326
788 334
789 531
790 173
791 602
792 78
793 664
794 174
795 2
796 790
797 149
798 268
799 627
800 733
801 209
802 448
803 286
804 465
805 368
806 277
807 365
808 656
809 739
810 532
811 189
812 699
813 281
814 247
815 627
816 644
817 494
818 422
819 165
820 769
821 477
822 527
823 71
824 16
825 115
826 411
827 511
828 505
829 43
830 166
831 76
832 113
833 433
834 499
835 758
836 506
837 244
838 205
839 22
840 705
841 515
842 382
843 292
844 707
845 503
846 525
847 698
848 83
849 836
850 754
851 490
852 422
853 227
854 745
855 621
856 770
857 501
858 841
859 715
860 829
861 690
862 125
863 805
864 690
865 627
866 199
867 344
868 164
869 81
870 822
871 477
872 593
873 692
874 357
875 732
876 147
877 684
878 53
879 109
880 280
881 664
882 31
883 115
884 9
885 425
886 863
887 452
888 168
889 193
890 149
891 31
892 493
893 526
894 497
895 150
896 349
897 877
898 571
899 224
900 94
901 312
902 177
903 381
904 345
905 489
906 767
907 152
908 867
909 836
910 9
911 516
912 377
913 461
914 76
915 161
916 165
917 894
918 841
919 130
920 301
921 452
922 794
923 676
924 494
925 382
926 501
927 795
928 412
929 114
930 780
931 577
932 100
933 829
934 409
935 419
936 547
937 134
938 57
939 845
940 336
941 367
942 391
943 62
944 16
945 871
946 264
947 158
948 937
949 168
950 312
951 777
952 553
953 289
954 696
955 252
956 500
957 896
958 826
959 749
960 627
961 407
962 351
963 528
964 138
965 564
966 461
967 86
968 812
969 887
970 521
971 970
972 496
973 356
974 123
975 239
976 149
977 427
978 835
979 745
980 112
981 25
982 927
983 546
984 23
985 740
986 172
987 934
988 922
989 434
990 923
991 674
992 387
993 143
994 874
995 389
996 434
997 933
998 975
999 882
1000 459
61581 44832 1116 18761 13540 80137 88998 95471 46478 64287 17916 22589 37285 6219 55707 4880 34124 39579 8903 78310 90948 85086 3365 95394 41112 44651 17311 89644 60082 40794 7811 8846 30339 85737 58596 57079 75359 31480 6167 27996 54078 3565 57368 71282 86941 49873 11395 17942 83483 98226 40795 20933 80540 51583 31814 10724 59658 63599 68558 56825 18351 12922 63106 82191 87483 90590 53491 6423 37380 77339 70551 20162 69633 61240 24042 63303 21167 59036 26952 12739 79916 16501 84916 32916 24607 67061 95413 14654 18318 31119 36563 25414 19557 24895 42910 33529 7446 98015 84648 8230 90772 8915 99270 87424 81911 65918 65106 17565 46491 35914 57964 25977 100000 16837 98996 37204 27243 80990 7506 23088 48964 64300 46287 14836 94839 34535 92697 46219 70515 32301 51395 3942 7149 61375 20962 5462 26686 18049 81841 31027 4417 55581 94606 34008 53430 49665 64379 51620 6690 25212 61918 19162 55789 73605 87489 63074 66626 71220 88370 24294 58994 92583 18980 65910 87697 58687 57773 5476 62360 97248 94918 38473 79201 41780 5902 39806 38095 88937 49127 19652 60643 44142 24119 10140 85352 50074 82025 42832 27624 96677 8778 71432 90484 6317 27884 16950 80384 91763 52422 68619 71332 68667 85201 60767 72604 94352 50189 72461 37129 69885 22746 43764 98319 9525 33824 47095 49045 19084 1511 78782 44199 12123 74655 29107 91415 74336 60122 51878 40504 60924 75405 57706 30018 77715 77075 32949 31601 98223 63497 33956 59174 94078 14483 69620 93956 32207 24054 54058 58868 88857 94428 59309 55138 11413 92531 51686 76349 47487 71342 38631 57275 93848 51586 49153 45298 96615 70251 59436 32672 62099 72388 68323 60101 13195 84466 7173 73796 57502 83002 41398 75654 34019 73447 85755 58646 13235 44581 64130 44133 40010 94632 23640 58504 63913 52198 26384 90805 92567 25465 83395 77674 19963 68062 40491 34950 77668 22360 14022 63438 17697 61261 30713 83145 95625 98408 57451 80613 16789 95414 13765 99440 35969 93897 50841 81311 72527 58936 6424 44394 25059 10941 77178 49678 30376 86965 44058 82858 2409 70980 46136 6114 1817 26606 17077 52767 8076 93983 4410 69645 98363 51588 34129 48444 93636 18800 62954 9824 74568 63448 60792 97873 37196 48695 65522 97580 86552 32427 81010 38224 47675 65846 32377 56449 33189 8574 79657 65224 53515 76781 49193 87313 18150 23089 75077 16107 23092 60509 69740 21388 15798 82183 96240 62251 47409 80136 6985 89028 24653 63135 49939 22328 21369 72910 60299 30570 23204 23451 92821 34370 9062 42673 33849 36206 36757 62748 65986 73148 74448 19569 1374 16226 42136 27971 83137 83607 86258 34991 9281 39542 22438 12017 2203 61890 97251 43309 35853 5469 63545 7047 99802 47407 56861 85707 66569 76742 57096 97382 6 34320 14424 42090 35008 78690 26606 44270 32489 21781 4143 46156 16698 33763 38436 75746 86028 15854 28665 8465 73599 9850 52833 27297 93847 18542 70000 51067 20346 35831 43808 1485 18547 92485 91405 45002 26322 31597 36921 75720 31274 39301 40489 736 370 19914 58917 52849 76645 52829 18844 6397 88482 76290 46782 3722 69676 75200 52896 28226 67242 72932 38044 40595 55720 97117 45742 17168 41845 27425 84248 96783 76035 88103 89214 60489 84555 3147 48875 9246 32614 41294 70251 29838 53972 39411 30863 64160 27001 41475 21228 40863 42779 2986 48443 51127 21414 48408 4603 71197 4200 5952 89387 65765 71253 71356 87312 3881 41156 60327 58261 54665 78607 65505 78054 40741 27415 20431 62260 63365 56895 82265 27892 370 31116 79019 38016 45434 8779 72468 64212 50703 83147 18473 41458 97417 51359 12291 83231 60800 75805 40477 34115 70674 13025 6711 46285 80099 48907 93110 44909 83704 13084 91361 86136 70011 39358 78117 89512 99131 65881 92819 76825 64072 35230 38237 66445 21211 62720 63388 9289 48844 90006 85869 14038 38394 11899 73167 12609 8839 82798 88070 31803 66521 15570 25660 42073 79579 41839 187 5621 13529 75279 64692 42347 62888 90562 9722 19613 40795 60987 77960 272 58799 92432 90071 28781 50368 58493 92777 27521 4882 46914 73569 14141 7241 6561 92392 84342 16657 58849 8298 35334 48983 71150 84983 68745 78989 4694 21570 23553 4074 93933 78757 86323 27880 72490 23452 92808 47268 66600 54533 68237 46274 77222 90150 77619 36935 49831 84583 53743 14717 69075 80244 52475 62642 60564 7548 17812 96217 31674 72949 1498 59751 88888 90549 41331 72567 11940 31962 77255 29287 45595 10148 97957 34809 50906 28502 79357 18835 22438 99736 19717 6879 95973 18391 59285 9580 16483 67428 40746 7403 28175 9137 78406 3698 90107 82168 25070 15037 33951 57843 28779 22792 26646 44324 14826 51094 78143 78767 33980 47949 50717 55739 69494 88952 79864 28342 84338 44931 37338 15534 83341 99427 51059 45112 44071 18156 35318 53228 30726 79832 96665 8615 67027 71623 93657 23911 27739 33657 75764 73491 27503 99670 20205 19089 56676 2023 23563 3182 17972 17530 52954 59962 53244 15809 78600 20105 1564 6515 31401 94611 41690 47402 18548 948 56831 88292 8996 46189 89304 95715 18297 94145 4438 43085 76564 31673 63439 49644 32798 24353 25243 93870 36609 44264 35063 15366 15693 28452 67845 40169 56149 5516 61034 17587 16080 28796 54383 69408 33016 40820 81985 30675 40622 3193 65522 46578 51508 52307 42805 72775 90129 34637 26981 76257 34673 11929 47711 38897 77571 9449 52163 72014 93593 86583 32855 83505 28459 8126 94084 68537 59316 45086 2743 11017 72307 11772 50017 21861 33548 37503 99448 82969 84101 59765 35380 76178 24297 41228 14034 10082 90760 20601 79669 14976 70837 55124 64096 76582 50823 38906 38973 88625 31896 68330 8441 94661 70217 16009 36357 90727 19356 66846 93111 84992 96473 5654 57415 57505 19178 83937 34706 16985 43614 57651 4091 3041 76841 27364 91365 71729 64931 20049 3194 33416 42917 35512 13255 46631 54255 15456 35869 86454 31493 88303 43922 97471 33581 66706 26174 60622 73266 68888 66847 62039 86404 61559 5749 10352 2550 33606 54054 92978 76639 25505 73979 27772 63162 13193 95233 10896 99077 545 79562 80212 19174 73938 44009 10035 12705 8391 31641 91098 63907 94834 83799 87291 4475 20102 15491 99085 17051
7
1 2
1 3
2 4
2 5
3 6
3 7
1 45 5 3 90 35 2